
SYMMETRICAL COMPONENT POWERS BY CIRCUIT ELEMENT (first 3 phases)                                     Excess Power

Element                                            Term    P1(kW)   Q1(kvar)       P2         Q2      P0      Q0       P_Norm      Q_Norm     P_Emerg    Q_Emerg

"Vsource.SOURCE"                                    1     -584.3       19.1        0.0       -0.0    -0.0    -0.0
"Vsource.SOURCE"                                    2        0.0        0.0        0.0        0.0     0.0     0.0
"Transformer.EFF844A0-DD37-4E77-A494-164E1DCE4112"  1        3.8        0.0        0.0       -0.0     0.0     0.0        0.0        0.0        0.0        0.0
"Transformer.EFF844A0-DD37-4E77-A494-164E1DCE4112"  2       -3.4        0.0       -0.0        0.0    -0.0    -0.0
"Transformer.29B31B94-3157-4AC7-8E8B-F30A48A0F140"  1       39.0        0.9        0.0        0.0     0.0     0.0        0.0        0.0        0.0        0.0
"Transformer.29B31B94-3157-4AC7-8E8B-F30A48A0F140"  2      -38.2       -0.2       -0.0       -0.0    -0.0    -0.0
"Transformer.6D43BA94-0951-4E88-AEB0-F8CFC4E65255"  1       23.2        0.3        0.0        0.0     0.0     0.0        0.0        0.0        0.0        0.0
"Transformer.6D43BA94-0951-4E88-AEB0-F8CFC4E65255"  2      -22.6       -0.0       -0.0       -0.0    -0.0    -0.0
"Transformer.2FF879D8-6A3D-477C-A389-47BEB6A83F3A"  1       24.0        0.3        0.0        0.0     0.0     0.0        0.0        0.0        0.0        0.0
"Transformer.2FF879D8-6A3D-477C-A389-47BEB6A83F3A"  2      -23.4       -0.0       -0.0       -0.0    -0.0    -0.0
"Transformer.A2993D7C-9584-4AAB-907C-A22BDA4F4BAC"  1       74.9        2.9        0.0        0.0     0.0     0.0        0.0        0.0        0.0        0.0
"Transformer.A2993D7C-9584-4AAB-907C-A22BDA4F4BAC"  2      -73.2       -0.4       -0.0       -0.0    -0.0    -0.0
"Transformer.1E84F720-DAE4-4281-8532-C482FBCECDD6"  1       38.2        0.8        0.0        0.0     0.0     0.0        0.0        0.0        0.0        0.0
"Transformer.1E84F720-DAE4-4281-8532-C482FBCECDD6"  2      -37.4       -0.1       -0.0       -0.0    -0.0    -0.0
"Transformer.4DB7C295-2EF7-4E9F-A1F9-0C121742F152"  1       10.0        0.0        0.0        0.0     0.0     0.0        0.0        0.0        0.0        0.0
"Transformer.4DB7C295-2EF7-4E9F-A1F9-0C121742F152"  2       -9.5       -0.0       -0.0        0.0    -0.0     0.0
"Transformer.DE6FF399-0752-4E51-A533-A37BBE510ECA"  1        2.8        0.0        0.0       -0.0     0.0    -0.0        0.0        0.0        0.0        0.0
"Transformer.DE6FF399-0752-4E51-A533-A37BBE510ECA"  2       -2.3        0.0       -0.0        0.0    -0.0     0.0
"Transformer.DF49BC32-FA1A-4FDF-83E6-EF2560440456"  1       97.0        4.0        0.0        0.0     0.0     0.0        0.0        0.0        0.0        0.0
"Transformer.DF49BC32-FA1A-4FDF-83E6-EF2560440456"  2      -94.9       -0.9       -0.0       -0.0    -0.0    -0.0
"Transformer.48715E2F-AFAE-4754-BC9E-E2531E883D45"  1       99.6        3.8        0.0        0.0     0.0     0.0        0.0        0.0        0.0        0.0
"Transformer.48715E2F-AFAE-4754-BC9E-E2531E883D45"  2      -97.4       -0.5       -0.0       -0.0    -0.0    -0.0
"Transformer.8885A901-4236-4205-96FC-38C09358A0C2"  1       36.8        0.7        0.0        0.0     0.0     0.0        0.0        0.0        0.0        0.0
"Transformer.8885A901-4236-4205-96FC-38C09358A0C2"  2      -36.0       -0.1       -0.0       -0.0    -0.0    -0.0
"Transformer.A010DDE2-C171-4BD1-8262-3A962DECF2AF"  1       19.8        0.2        0.0        0.0     0.0     0.0        0.0        0.0        0.0        0.0
"Transformer.A010DDE2-C171-4BD1-8262-3A962DECF2AF"  2      -19.2       -0.0       -0.0       -0.0    -0.0    -0.0
"Transformer.EF3A481A-8427-4347-B88A-C5FCC43CC021"  1       41.2        0.9        0.0        0.0     0.0     0.0        0.0        0.0        0.0        0.0
"Transformer.EF3A481A-8427-4347-B88A-C5FCC43CC021"  2      -40.3       -0.1       -0.0       -0.0    -0.0    -0.0
"Transformer.206E2664-F4EB-4C9A-B074-BEEB1B2F5CA3"  1       74.0        3.0        0.0        0.0     0.0     0.0        0.0        0.0        0.0        0.0
"Transformer.206E2664-F4EB-4C9A-B074-BEEB1B2F5CA3"  2      -72.3       -0.6       -0.0       -0.0    -0.0    -0.0
"Line.877CF333-40F4-46C9-9655-63BDF2CC6FEA"         1        3.4       -0.0        0.0       -0.0     0.0     0.0        0.0        0.0        0.0        0.0
"Line.877CF333-40F4-46C9-9655-63BDF2CC6FEA"         2       -3.4        0.0       -0.0        0.0    -0.0    -0.0
"Line.FAD574BA-14CC-4B1B-B291-635899108E2D"         1       38.2        0.2        0.0        0.0     0.0     0.0        0.0        0.0        0.0        0.0
"Line.FAD574BA-14CC-4B1B-B291-635899108E2D"         2      -38.1       -0.1       -0.0       -0.0    -0.0    -0.0
"Line.8D207078-A9B5-4996-B21C-80F75776F31F"         1       19.4        0.0        0.0        0.0     0.0     0.0        0.0        0.0        0.0        0.0
"Line.8D207078-A9B5-4996-B21C-80F75776F31F"         2      -19.4        0.0       -0.0       -0.0    -0.0    -0.0
"Line.2F67C9A5-182F-4870-8FB8-8B22891BE84B"         1       13.8        0.0        0.0        0.0     0.0     0.0        0.0        0.0        0.0        0.0
"Line.2F67C9A5-182F-4870-8FB8-8B22891BE84B"         2      -13.7       -0.0       -0.0        0.0    -0.0     0.0
"Line.F46D91F5-77D3-430C-A156-2DF10AD4CB7E"         1        1.7        0.0        0.0        0.0     0.0     0.0        0.0        0.0        0.0        0.0
"Line.F46D91F5-77D3-430C-A156-2DF10AD4CB7E"         2       -1.7       -0.0       -0.0        0.0    -0.0     0.0
"Line.2BE4C7CF-8C14-497A-8037-03C9843FD027"         1       18.7        0.0        0.0        0.0     0.0     0.0        0.0        0.0        0.0        0.0
"Line.2BE4C7CF-8C14-497A-8037-03C9843FD027"         2      -18.7       -0.0       -0.0       -0.0    -0.0    -0.0
"Line.C8D01DF3-CEC2-4738-B522-5DC5D94DF8A7"         1       19.4        0.1        0.0        0.0     0.0     0.0        0.0        0.0        0.0        0.0
"Line.C8D01DF3-CEC2-4738-B522-5DC5D94DF8A7"         2      -19.4       -0.0       -0.0       -0.0    -0.0    -0.0
"Line.BB28A48B-04A2-4E4A-A0CF-138C9976F6A6"         1        1.7        0.0        0.0        0.0     0.0    -0.0        0.0        0.0        0.0        0.0
"Line.BB28A48B-04A2-4E4A-A0CF-138C9976F6A6"         2       -1.7       -0.0       -0.0       -0.0    -0.0     0.0
"Line.6B5C0779-D737-4B3F-A97B-805FA9E95787"         1        2.0       -0.0        0.0       -0.0     0.0     0.0        0.0        0.0        0.0        0.0
"Line.6B5C0779-D737-4B3F-A97B-805FA9E95787"         2       -2.0        0.0       -0.0        0.0    -0.0    -0.0
"Line.639C314A-5A45-4A47-8E96-D664C7F0A01F"         1        2.0       -0.0        0.0       -0.0     0.0    -0.0        0.0        0.0        0.0        0.0
"Line.639C314A-5A45-4A47-8E96-D664C7F0A01F"         2       -2.0        0.0       -0.0        0.0    -0.0     0.0
"Line.142514A6-F12E-4538-AC0B-7A0CA62C1851"         1       19.7        0.0        0.0        0.0     0.0     0.0        0.0        0.0        0.0        0.0
"Line.142514A6-F12E-4538-AC0B-7A0CA62C1851"         2      -19.6        0.0       -0.0       -0.0    -0.0     0.0
"Line.4E852749-D578-48AD-88A3-EB5EB06F1A18"         1       22.6        0.0        0.0        0.0     0.0     0.0        0.0        0.0        0.0        0.0
"Line.4E852749-D578-48AD-88A3-EB5EB06F1A18"         2      -22.6       -0.0       -0.0       -0.0    -0.0     0.0
"Line.8F6916FE-6204-487F-A56D-2F7828F98688"         1       19.6        0.0        0.0        0.0     0.0     0.0        0.0        0.0        0.0        0.0
"Line.8F6916FE-6204-487F-A56D-2F7828F98688"         2      -19.6        0.0       -0.0        0.0    -0.0    -0.0
"Line.A660FC87-1FA6-440D-B920-682DFF131A81"         1        0.2       -0.0        0.0       -0.0     0.0     0.0        0.0        0.0        0.0        0.0
"Line.A660FC87-1FA6-440D-B920-682DFF131A81"         2       -0.2        0.0       -0.0       -0.0    -0.0     0.0
"Line.995BECB8-2244-4164-9ECC-CF3BCCEB3965"         1       23.4        0.0        0.0        0.0     0.0     0.0        0.0        0.0        0.0        0.0
"Line.995BECB8-2244-4164-9ECC-CF3BCCEB3965"         2      -23.4       -0.0       -0.0       -0.0    -0.0    -0.0
"Line.543D91BB-77B4-44F9-9967-70F3174A633C"         1       19.1        0.0        0.0        0.0     0.0     0.0        0.0        0.0        0.0        0.0
"Line.543D91BB-77B4-44F9-9967-70F3174A633C"         2      -19.1       -0.0       -0.0        0.0    -0.0     0.0
"Line.27672613-BDEF-4AD9-B8B4-7AE45D4227F0"         1        0.9        0.0        0.0       -0.0     0.0    -0.0        0.0        0.0        0.0        0.0
"Line.27672613-BDEF-4AD9-B8B4-7AE45D4227F0"         2       -0.9       -0.0       -0.0        0.0    -0.0     0.0
"Line.7D3D12E5-0D25-4ACF-8FE8-91355A1BF7B0"         1       73.2        0.4        0.0        0.0     0.0     0.0        0.0        0.0        0.0        0.0
"Line.7D3D12E5-0D25-4ACF-8FE8-91355A1BF7B0"         2      -73.1       -0.1       -0.0       -0.0    -0.0    -0.0
"Line.7C0CE3AF-E06B-4BAE-8E8B-8502CFC07E34"         1        0.9        0.0        0.0        0.0     0.0     0.0        0.0        0.0        0.0        0.0
"Line.7C0CE3AF-E06B-4BAE-8E8B-8502CFC07E34"         2       -0.9       -0.0       -0.0       -0.0    -0.0    -0.0
"Line.6D30748C-2539-4F3E-BED6-1143FF216D61"         1       19.1        0.1        0.0        0.0     0.0     0.0        0.0        0.0        0.0        0.0
"Line.6D30748C-2539-4F3E-BED6-1143FF216D61"         2      -19.1       -0.0       -0.0       -0.0    -0.0    -0.0
"Line.7CB60D0B-9F3E-4988-8442-FA38D74DB0B7"         1       19.1        0.1        0.0        0.0     0.0     0.0        0.0        0.0        0.0        0.0
"Line.7CB60D0B-9F3E-4988-8442-FA38D74DB0B7"         2      -19.1       -0.0       -0.0       -0.0    -0.0    -0.0
"Line.95B53676-22A3-4601-A3E4-087DA71500A5"         1       19.1        0.0        0.0        0.0     0.0     0.0        0.0        0.0        0.0        0.0
"Line.95B53676-22A3-4601-A3E4-087DA71500A5"         2      -19.1       -0.0       -0.0       -0.0    -0.0    -0.0
"Line.9774173C-ED81-49A5-B4A6-4D91EFF081AB"         1       37.4        0.1        0.0        0.0     0.0     0.0        0.0        0.0        0.0        0.0
"Line.9774173C-ED81-49A5-B4A6-4D91EFF081AB"         2      -37.4       -0.1       -0.0       -0.0    -0.0    -0.0
"Line.1373D0A1-6D79-4C5E-94C2-2FECF7EE1FB8"         1       34.5        0.1        0.0        0.0     0.0     0.0        0.0        0.0        0.0        0.0
"Line.1373D0A1-6D79-4C5E-94C2-2FECF7EE1FB8"         2      -34.5        0.0       -0.0       -0.0    -0.0    -0.0
"Line.F2073EA4-3733-44D9-BF89-B79830E402FE"         1        9.5        0.0        0.0        0.0     0.0     0.0        0.0        0.0        0.0        0.0
"Line.F2073EA4-3733-44D9-BF89-B79830E402FE"         2       -9.5       -0.0       -0.0       -0.0    -0.0    -0.0
"Line.8079FE8A-7429-4B08-8EE1-1C1B05B58685"         1        1.4       -0.0        0.0       -0.0     0.0    -0.0        0.0        0.0        0.0        0.0
"Line.8079FE8A-7429-4B08-8EE1-1C1B05B58685"         2       -1.4        0.0       -0.0        0.0    -0.0     0.0
"Line.73C34BAD-AFB1-400B-A551-DC1A34EAF424"         1        2.3       -0.0        0.0       -0.0     0.0    -0.0        0.0        0.0        0.0        0.0
"Line.73C34BAD-AFB1-400B-A551-DC1A34EAF424"         2       -2.3        0.0       -0.0        0.0    -0.0     0.0
"Line.16BF68E7-F68D-4877-9981-28FA35B7C727"         1       33.9        0.1        0.0        0.0     0.0     0.0        0.0        0.0        0.0        0.0
"Line.16BF68E7-F68D-4877-9981-28FA35B7C727"         2      -33.9       -0.0       -0.0        0.0    -0.0     0.0
"Line.9FD5207B-793B-4C7A-BC65-882598034234"         1        7.6        0.0        0.0        0.0     0.0     0.0        0.0        0.0        0.0        0.0
"Line.9FD5207B-793B-4C7A-BC65-882598034234"         2       -7.6       -0.0       -0.0       -0.0    -0.0    -0.0
"Line.A6BBAD24-6A86-4A2D-A54C-DD39A30869EB"         1        7.6        0.0        0.0        0.0     0.0     0.0        0.0        0.0        0.0        0.0
"Line.A6BBAD24-6A86-4A2D-A54C-DD39A30869EB"         2       -7.6        0.0       -0.0       -0.0    -0.0    -0.0
"Line.B5B5CA3E-EECF-413F-83C9-27544DA3E20D"         1       41.5        0.2        0.0        0.0     0.0     0.0        0.0        0.0        0.0        0.0
"Line.B5B5CA3E-EECF-413F-83C9-27544DA3E20D"         2      -41.4       -0.0       -0.0       -0.0    -0.0    -0.0
"Line.3ABCCD97-AB4D-47D1-8A51-D16AF7E6FE66"         1       94.9        0.9        0.0        0.0     0.0     0.0        0.0        0.0        0.0        0.0
"Line.3ABCCD97-AB4D-47D1-8A51-D16AF7E6FE66"         2      -94.7       -0.5       -0.0       -0.0    -0.0    -0.0
"Line.5C6C2677-4C1E-44F8-BEBD-0F49E5808309"         1       41.6        0.3        0.0        0.0     0.0     0.0        0.0        0.0        0.0        0.0
"Line.5C6C2677-4C1E-44F8-BEBD-0F49E5808309"         2      -41.5       -0.2       -0.0       -0.0    -0.0    -0.0
"Line.DF41D968-2746-485E-96CF-1D17A2DF7A72"         1       34.0        0.2        0.0        0.0     0.0     0.0        0.0        0.0        0.0        0.0
"Line.DF41D968-2746-485E-96CF-1D17A2DF7A72"         2      -33.9       -0.1       -0.0       -0.0    -0.0    -0.0
"Line.38F111D3-0096-40DB-B1DE-82B04F194979"         1        3.0        0.0        0.0        0.0     0.0    -0.0        0.0        0.0        0.0        0.0
"Line.38F111D3-0096-40DB-B1DE-82B04F194979"         2       -3.0       -0.0       -0.0       -0.0    -0.0    -0.0
"Line.03EAEA75-4430-40F7-9C0B-30140A7BB01C"         1        3.0        0.0        0.0        0.0     0.0     0.0        0.0        0.0        0.0        0.0
"Line.03EAEA75-4430-40F7-9C0B-30140A7BB01C"         2       -3.0       -0.0       -0.0       -0.0    -0.0    -0.0
"Line.05207CAE-B009-4AD3-9E6E-EC3F125EFCB5"         1        3.7        0.0        0.0        0.0     0.0     0.0        0.0        0.0        0.0        0.0
"Line.05207CAE-B009-4AD3-9E6E-EC3F125EFCB5"         2       -3.7       -0.0       -0.0        0.0    -0.0     0.0
"Line.AE22A455-1DA6-4BEF-AF4D-FBBF03A1AFB6"         1       97.4        0.5        0.0        0.0     0.0     0.0        0.0        0.0        0.0        0.0
"Line.AE22A455-1DA6-4BEF-AF4D-FBBF03A1AFB6"         2      -97.2       -0.2       -0.0       -0.0    -0.0    -0.0
"Line.74CC104D-A5EE-449B-A652-E1D3180C2FDB"         1       40.7        0.2        0.0        0.0     0.0     0.0        0.0        0.0        0.0        0.0
"Line.74CC104D-A5EE-449B-A652-E1D3180C2FDB"         2      -40.7       -0.0       -0.0       -0.0    -0.0    -0.0
"Line.E8AF25D7-6D0D-4516-BA5C-675662DBFC78"         1       16.0        0.0        0.0        0.0     0.0     0.0        0.0        0.0        0.0        0.0
"Line.E8AF25D7-6D0D-4516-BA5C-675662DBFC78"         2      -16.0        0.0       -0.0        0.0    -0.0    -0.0
"Line.16FF8291-45CD-44E5-9C6D-9D408102CE4D"         1       16.5        0.0        0.0        0.0     0.0     0.0        0.0        0.0        0.0        0.0
"Line.16FF8291-45CD-44E5-9C6D-9D408102CE4D"         2      -16.4        0.0       -0.0       -0.0    -0.0    -0.0
"Line.C59DD8C6-8EDB-40B7-BFA7-F57ACAA63506"         1       16.4        0.0        0.0        0.0     0.0     0.0        0.0        0.0        0.0        0.0
"Line.C59DD8C6-8EDB-40B7-BFA7-F57ACAA63506"         2      -16.4       -0.0       -0.0       -0.0    -0.0    -0.0
"Line.D9319E51-11C2-4EFA-86CD-2936E7BB6017"         1       36.0        0.1        0.0        0.0     0.0     0.0        0.0        0.0        0.0        0.0
"Line.D9319E51-11C2-4EFA-86CD-2936E7BB6017"         2      -36.0       -0.0       -0.0       -0.0    -0.0    -0.0
"Line.A2AEC234-98EA-4D0C-9ED3-E0F242B47EE6"         1       16.5        0.0        0.0        0.0     0.0     0.0        0.0        0.0        0.0        0.0
"Line.A2AEC234-98EA-4D0C-9ED3-E0F242B47EE6"         2      -16.4       -0.0       -0.0       -0.0    -0.0    -0.0
"Line.68606F15-D049-4EEB-A2E1-79B33FEF3434"         1       19.5        0.0        0.0        0.0     0.0     0.0        0.0        0.0        0.0        0.0
"Line.68606F15-D049-4EEB-A2E1-79B33FEF3434"         2      -19.5        0.0       -0.0        0.0    -0.0     0.0
"Line.AD40A9ED-6CB6-4692-92C1-64F2CB71E310"         1       14.6        0.0        0.0        0.0     0.0     0.0        0.0        0.0        0.0        0.0
"Line.AD40A9ED-6CB6-4692-92C1-64F2CB71E310"         2      -14.6        0.0       -0.0        0.0    -0.0    -0.0
"Line.285500FA-9774-4E71-95CC-E1CA0E31A642"         1        4.6        0.0        0.0        0.0     0.0     0.0        0.0        0.0        0.0        0.0
"Line.285500FA-9774-4E71-95CC-E1CA0E31A642"         2       -4.6        0.0       -0.0       -0.0    -0.0    -0.0
"Line.93F75F61-305C-4435-B79C-899617E10783"         1       19.2        0.0        0.0        0.0     0.0     0.0        0.0        0.0        0.0        0.0
"Line.93F75F61-305C-4435-B79C-899617E10783"         2      -19.2       -0.0       -0.0       -0.0    -0.0    -0.0
"Line.4392D5F7-FD3B-4F94-8193-993CB646D955"         1        2.9        0.0        0.0        0.0     0.0     0.0        0.0        0.0        0.0        0.0
"Line.4392D5F7-FD3B-4F94-8193-993CB646D955"         2       -2.9       -0.0       -0.0       -0.0    -0.0    -0.0
"Line.1E0EBC6D-A713-4545-8CF5-E8F2B4D33651"         1        2.9        0.0        0.0        0.0     0.0     0.0        0.0        0.0        0.0        0.0
"Line.1E0EBC6D-A713-4545-8CF5-E8F2B4D33651"         2       -2.9       -0.0       -0.0        0.0    -0.0    -0.0
"Line.448083E7-6B24-4A05-9ED5-0993FDFBAF48"         1       40.3        0.1        0.0        0.0     0.0     0.0        0.0        0.0        0.0        0.0
"Line.448083E7-6B24-4A05-9ED5-0993FDFBAF48"         2      -40.3       -0.1       -0.0       -0.0    -0.0    -0.0
"Line.7CF6B07C-A810-4D6C-940A-775787C801C6"         1        7.6        0.0        0.0        0.0     0.0     0.0        0.0        0.0        0.0        0.0
"Line.7CF6B07C-A810-4D6C-940A-775787C801C6"         2       -7.6        0.0       -0.0        0.0    -0.0     0.0
"Line.67E20689-ACAC-4CD8-B011-396F41D4BC6A"         1        3.3        0.0        0.0        0.0     0.0     0.0        0.0        0.0        0.0        0.0
"Line.67E20689-ACAC-4CD8-B011-396F41D4BC6A"         2       -3.3       -0.0       -0.0       -0.0    -0.0     0.0
"Line.31C2A486-D74A-48BC-A35A-7C6682F5E999"         1        2.9        0.0        0.0        0.0     0.0     0.0        0.0        0.0        0.0        0.0
"Line.31C2A486-D74A-48BC-A35A-7C6682F5E999"         2       -2.9       -0.0       -0.0       -0.0    -0.0    -0.0
"Line.7DBD5DCB-E729-49F8-A2BC-1BC375898270"         1       19.5        0.1        0.0        0.0     0.0     0.0        0.0        0.0        0.0        0.0
"Line.7DBD5DCB-E729-49F8-A2BC-1BC375898270"         2      -19.4       -0.0       -0.0       -0.0    -0.0    -0.0
"Line.490D74F7-4EA7-4BBA-A234-3B67DC6A0496"         1        7.6        0.0        0.0        0.0     0.0     0.0        0.0        0.0        0.0        0.0
"Line.490D74F7-4EA7-4BBA-A234-3B67DC6A0496"         2       -7.6       -0.0       -0.0       -0.0    -0.0     0.0
"Line.A2418E0E-A8B9-44F0-A614-9DC5460C782F"         1       19.4        0.0        0.0        0.0     0.0     0.0        0.0        0.0        0.0        0.0
"Line.A2418E0E-A8B9-44F0-A614-9DC5460C782F"         2      -19.4        0.0       -0.0        0.0    -0.0    -0.0
"Line.6157ED28-3D6B-4ADD-BBF3-EC2294D4D5F3"         1       19.1        0.1        0.0        0.0     0.0     0.0        0.0        0.0        0.0        0.0
"Line.6157ED28-3D6B-4ADD-BBF3-EC2294D4D5F3"         2      -19.1       -0.0       -0.0       -0.0    -0.0    -0.0
"Line.1811E0CC-5188-4F9C-9CCC-F37C7E3F6D09"         1       72.3        0.6        0.0        0.0     0.0     0.0        0.0        0.0        0.0        0.0
"Line.1811E0CC-5188-4F9C-9CCC-F37C7E3F6D09"         2      -72.2       -0.4       -0.0       -0.0    -0.0    -0.0
"Line.C6DED811-A095-42DC-A5C9-88865016B25F"         1       38.3        0.2        0.0        0.0     0.0     0.0        0.0        0.0        0.0        0.0
"Line.C6DED811-A095-42DC-A5C9-88865016B25F"         2      -38.3       -0.1       -0.0       -0.0    -0.0    -0.0
"Line.04C0118B-D568-409C-BBF4-4EC2B0E88383"         1       33.9        0.3        0.0        0.0     0.0     0.0        0.0        0.0        0.0        0.0
"Line.04C0118B-D568-409C-BBF4-4EC2B0E88383"         2      -33.9       -0.2       -0.0       -0.0    -0.0    -0.0
"Line.98AF8DCB-F72C-4574-842B-A3B43A14269F"         1       33.9        0.1        0.0        0.0     0.0     0.0        0.0        0.0        0.0        0.0
"Line.98AF8DCB-F72C-4574-842B-A3B43A14269F"         2      -33.8       -0.0       -0.0        0.0    -0.0     0.0
"Line.DA85670C-1C13-40FB-81BE-5A1BEB924CC5"         1       33.9        0.2        0.0        0.0     0.0     0.0        0.0        0.0        0.0        0.0
"Line.DA85670C-1C13-40FB-81BE-5A1BEB924CC5"         2      -33.9       -0.1       -0.0       -0.0    -0.0    -0.0
"Line.1B5E46C5-9ACC-43C0-8913-9F95712A2B97"         1       19.1        0.0        0.0        0.0     0.0     0.0        0.0        0.0        0.0        0.0
"Line.1B5E46C5-9ACC-43C0-8913-9F95712A2B97"         2      -19.1       -0.0       -0.0        0.0    -0.0    -0.0
"Line.D95C8201-34F5-4B21-9DDA-4292E19C4252"         1       99.8        1.3        0.0       -0.0    -0.0     0.0        0.0        0.0        0.0        0.0
"Line.D95C8201-34F5-4B21-9DDA-4292E19C4252"         2      -99.8       -2.7       -0.0        0.0     0.0    -0.0
"Line.33D623CF-6BCC-42CF-907B-EE109CAA8ED2"         1       99.6        3.8       -0.0        0.0     0.0     0.0        0.0        0.0        0.0        0.0
"Line.33D623CF-6BCC-42CF-907B-EE109CAA8ED2"         2      -99.6       -3.8        0.0       -0.0     0.0     0.0
"Line.2B697AE9-5FE4-4E04-995B-70145D61D5B8"         1       23.2        0.3        0.0       -0.0    -0.0     0.0        0.0        0.0        0.0        0.0
"Line.2B697AE9-5FE4-4E04-995B-70145D61D5B8"         2      -23.2       -0.3       -0.0       -0.0     0.0     0.0
"Line.537C861C-68B1-4A86-9A50-FFDD5F0582DA"         1        3.8        0.0       -0.0       -0.0    -0.0     0.0        0.0        0.0        0.0        0.0
"Line.537C861C-68B1-4A86-9A50-FFDD5F0582DA"         2       -3.8       -0.0       -0.0       -0.0     0.0    -0.0
"Line.348C2F2F-E9D5-481E-A391-BA42EDC91849"         1      165.0      -12.4        0.0       -0.0    -0.0     0.0        0.0        0.0        0.0        0.0
"Line.348C2F2F-E9D5-481E-A391-BA42EDC91849"         2     -165.0       10.5       -0.0        0.0     0.0    -0.0
"Line.9B2473D7-6414-403A-A6D8-D7F82477DCB3"         1       86.2       -5.1       -0.0       -0.0     0.0     0.0        0.0        0.0        0.0        0.0
"Line.9B2473D7-6414-403A-A6D8-D7F82477DCB3"         2      -86.2        4.6        0.0        0.0    -0.0    -0.0
"Line.2F772B75-C2C6-43C3-A744-4A4B4CB4F8E9"         1       74.9        2.4        0.0       -0.0    -0.0     0.0        0.0        0.0        0.0        0.0
"Line.2F772B75-C2C6-43C3-A744-4A4B4CB4F8E9"         2      -74.9       -2.9       -0.0        0.0     0.0    -0.0
"Line.6E9B092F-DACA-4D80-B421-2A7732E8B80B"         1      165.0      -14.2        0.0       -0.0    -0.0     0.0        0.0        0.0        0.0        0.0
"Line.6E9B092F-DACA-4D80-B421-2A7732E8B80B"         2     -165.0       12.5       -0.0        0.0     0.0    -0.0
"Line.23D70553-1AB7-41A0-A638-3FBCDDA1BE20"         1      304.1       -5.3        0.0       -0.0     0.0     0.0        0.0        0.0        0.0        0.0
"Line.23D70553-1AB7-41A0-A638-3FBCDDA1BE20"         2     -304.1        3.4       -0.0        0.0    -0.0    -0.0
"Line.455781F5-ACF5-4FB2-8695-C3E513AF692D"         1       41.2       -1.0       -0.0       -0.0     0.0    -0.0        0.0        0.0        0.0        0.0
"Line.455781F5-ACF5-4FB2-8695-C3E513AF692D"         2      -41.2       -0.8        0.0        0.0    -0.0     0.0
"Line.AE7B102F-1EA8-4EDC-83B4-FFE4123DC43E"         1      161.1       -2.7       -0.0       -0.0     0.0     0.0        0.0        0.0        0.0        0.0
"Line.AE7B102F-1EA8-4EDC-83B4-FFE4123DC43E"         2     -161.1        2.7        0.0        0.0    -0.0    -0.0
"Line.9E69CF87-D045-4E37-A233-66D7598247D9"         1       38.2        0.8        0.0        0.0     0.0     0.0        0.0        0.0        0.0        0.0
"Line.9E69CF87-D045-4E37-A233-66D7598247D9"         2      -38.2       -0.8       -0.0        0.0    -0.0    -0.0
"Line.FED73BEC-B009-48DD-A82E-4ED6A45F1D53"         1      199.3        4.5        0.0       -0.0    -0.0     0.0        0.0        0.0        0.0        0.0
"Line.FED73BEC-B009-48DD-A82E-4ED6A45F1D53"         2     -199.3       -5.2       -0.0        0.0     0.0    -0.0
"Line.2816DE66-B63F-4529-94FC-768372C697D6"         1      199.3        2.6        0.0       -0.0    -0.0     0.0        0.0        0.0        0.0        0.0
"Line.2816DE66-B63F-4529-94FC-768372C697D6"         2     -199.3       -4.5       -0.0        0.0     0.0    -0.0
"Line.45A2DFAD-6A05-4B83-8BEA-4E831F07B2ED"         1       39.0        0.9        0.0       -0.0    -0.0     0.0        0.0        0.0        0.0        0.0
"Line.45A2DFAD-6A05-4B83-8BEA-4E831F07B2ED"         2      -39.0       -0.9        0.0       -0.0    -0.0    -0.0
"Line.CAEF3B81-A1B3-4F5B-B574-47EF1A259CC3"         1        2.8       -1.3       -0.0       -0.0    -0.0     0.0        0.0        0.0        0.0        0.0
"Line.CAEF3B81-A1B3-4F5B-B574-47EF1A259CC3"         2       -2.8       -0.0        0.0        0.0     0.0    -0.0
"Line.04416961-B233-4746-9215-DDF70FDFEC3E"         1       97.0        4.0        0.0        0.0    -0.0     0.0        0.0        0.0        0.0        0.0
"Line.04416961-B233-4746-9215-DDF70FDFEC3E"         2      -97.0       -4.0        0.0       -0.0     0.0    -0.0
"Line.DF917A3E-886A-47F6-9E42-6BE3A5E8BAB5"         1       47.2       -1.9       -0.0       -0.0     0.0    -0.0        0.0        0.0        0.0        0.0
"Line.DF917A3E-886A-47F6-9E42-6BE3A5E8BAB5"         2      -47.2        0.1        0.0        0.0    -0.0     0.0
"Line.CF657060-0EE0-4884-9ED0-C3FCE59AB4CC"         1        3.8       -0.5        0.0       -0.0    -0.0    -0.0        0.0        0.0        0.0        0.0
"Line.CF657060-0EE0-4884-9ED0-C3FCE59AB4CC"         2       -3.8       -0.0       -0.0        0.0     0.0     0.0
"Line.00E7BC42-6F48-4D86-A8F8-EC99F52AA461"         1      161.1       -6.2       -0.0       -0.0     0.0     0.0        0.0        0.0        0.0        0.0
"Line.00E7BC42-6F48-4D86-A8F8-EC99F52AA461"         2     -161.1        4.6        0.0        0.0    -0.0    -0.0
"Line.F11F099C-7DBB-4DB5-A904-BB9C63A46A5C"         1      284.3       -3.6        0.0       -0.0     0.0     0.0        0.0        0.0        0.0        0.0
"Line.F11F099C-7DBB-4DB5-A904-BB9C63A46A5C"         2     -284.3        1.7       -0.0        0.0    -0.0    -0.0
"Line.05AB861A-9A0F-4DCF-8F05-4DC8E847D936"         1       48.2       -2.2       -0.0        0.0     0.0     0.0        0.0        0.0        0.0        0.0
"Line.05AB861A-9A0F-4DCF-8F05-4DC8E847D936"         2      -48.2        0.7        0.0       -0.0    -0.0    -0.0
"Line.3251C5F3-D1AC-4207-9348-16F754D63E16"         1      199.3        2.6        0.0       -0.0    -0.0     0.0        0.0        0.0        0.0        0.0
"Line.3251C5F3-D1AC-4207-9348-16F754D63E16"         2     -199.3       -2.6       -0.0        0.0     0.0    -0.0
"Line.7F8FBEDA-D441-47AA-9571-8C4526AD4C3F"         1       36.8        0.7        0.0       -0.0     0.0     0.0        0.0        0.0        0.0        0.0
"Line.7F8FBEDA-D441-47AA-9571-8C4526AD4C3F"         2      -36.8       -0.7       -0.0        0.0    -0.0    -0.0
"Line.39E5BB8C-18DF-48D3-A613-BF407E285D6B"         1       47.2       -3.8       -0.0       -0.0     0.0    -0.0        0.0        0.0        0.0        0.0
"Line.39E5BB8C-18DF-48D3-A613-BF407E285D6B"         2      -47.2        1.9        0.0        0.0    -0.0     0.0
"Line.DA10C1D6-6A6F-49D0-9C76-2E47CADB21B1"         1      510.3      -22.0       -0.0       -0.0     0.0     0.0        0.0        0.0        0.0        0.0
"Line.DA10C1D6-6A6F-49D0-9C76-2E47CADB21B1"         2     -510.2       20.5        0.0        0.0    -0.0    -0.0
"Line.01151C85-B3C9-4BD4-BB37-8C683C6984DA"         1       74.0        3.0       -0.0       -0.0     0.0     0.0        0.0        0.0        0.0        0.0
"Line.01151C85-B3C9-4BD4-BB37-8C683C6984DA"         2      -74.0       -3.0        0.0        0.0     0.0    -0.0
"Line.13E9F1F6-F1E4-4B84-8EB3-A2493D9CFA01"         1       41.2        0.8       -0.0        0.0    -0.0     0.0        0.0        0.0        0.0        0.0
"Line.13E9F1F6-F1E4-4B84-8EB3-A2493D9CFA01"         2      -41.2       -0.9       -0.0       -0.0     0.0    -0.0
"Line.A4414604-1E55-4C73-BC10-C21907289942"         1      161.1       -4.6       -0.0       -0.0     0.0     0.0        0.0        0.0        0.0        0.0
"Line.A4414604-1E55-4C73-BC10-C21907289942"         2     -161.1        2.7        0.0        0.0    -0.0    -0.0
"Line.679038C7-F667-4A40-8533-7DBA1ABFA81A"         1        2.8        0.0        0.0       -0.0     0.0     0.0        0.0        0.0        0.0        0.0
"Line.679038C7-F667-4A40-8533-7DBA1ABFA81A"         2       -2.8       -0.0       -0.0       -0.0    -0.0     0.0
"Line.A9038B6F-83E5-4DB1-83DD-0B3BB7E9B269"         1       39.0       -0.8        0.0        0.0     0.0     0.0        0.0        0.0        0.0        0.0
"Line.A9038B6F-83E5-4DB1-83DD-0B3BB7E9B269"         2      -39.0       -0.9       -0.0       -0.0    -0.0    -0.0
"Line.2AEA38CA-FC4D-4EEC-BC7D-C5D2152293D3"         1       47.2       -3.8       -0.0       -0.0     0.0    -0.0        0.0        0.0        0.0        0.0
"Line.2AEA38CA-FC4D-4EEC-BC7D-C5D2152293D3"         2      -47.2        3.8        0.0        0.0    -0.0     0.0
"Line.21604686-F982-4C16-8A23-104A35C5CCC6"         1      284.3       -1.7        0.0       -0.0     0.0     0.0        0.0        0.0        0.0        0.0
"Line.21604686-F982-4C16-8A23-104A35C5CCC6"         2     -284.3       -0.2       -0.0        0.0    -0.0    -0.0
"Line.9B8F8FF3-5504-467D-A68D-F196E246AFA0"         1      165.0      -10.5        0.0       -0.0    -0.0     0.0        0.0        0.0        0.0        0.0
"Line.9B8F8FF3-5504-467D-A68D-F196E246AFA0"         2     -164.9        8.6       -0.0        0.0     0.0    -0.0
"Line.7E3A38A9-C0B8-499E-AEDE-F94620429FDB"         1      284.3        0.2        0.0       -0.0     0.0     0.0        0.0        0.0        0.0        0.0
"Line.7E3A38A9-C0B8-499E-AEDE-F94620429FDB"         2     -284.3       -1.0       -0.0        0.0    -0.0    -0.0
"Line.CCE9322C-25B8-48A0-B5CA-9395BBA79765"         1       38.2       -0.7        0.0        0.0     0.0     0.0        0.0        0.0        0.0        0.0
"Line.CCE9322C-25B8-48A0-B5CA-9395BBA79765"         2      -38.2       -0.8       -0.0       -0.0    -0.0    -0.0
"Line.481AD6E7-2A13-4957-8EA3-8580D42C0F76"         1       10.0        0.0        0.0       -0.0    -0.0     0.0        0.0        0.0        0.0        0.0
"Line.481AD6E7-2A13-4957-8EA3-8580D42C0F76"         2      -10.0       -0.0       -0.0       -0.0    -0.0     0.0
"Line.F8D339AA-97D8-49F7-AEB1-F322F95AC977"         1       23.2       -0.4        0.0       -0.0    -0.0    -0.0        0.0        0.0        0.0        0.0
"Line.F8D339AA-97D8-49F7-AEB1-F322F95AC977"         2      -23.2       -0.3       -0.0        0.0     0.0     0.0
"Line.6C496E46-9DCE-4F1B-9EAE-8B601DB9857D"         1       24.0        0.3       -0.0        0.0    -0.0    -0.0        0.0        0.0        0.0        0.0
"Line.6C496E46-9DCE-4F1B-9EAE-8B601DB9857D"         2      -24.0       -0.3        0.0       -0.0    -0.0     0.0
"Line.D5103536-FBDC-4D6D-B4A2-A2215CFC915C"         1      165.0      -12.5        0.0       -0.0    -0.0     0.0        0.0        0.0        0.0        0.0
"Line.D5103536-FBDC-4D6D-B4A2-A2215CFC915C"         2     -165.0       12.4       -0.0        0.0     0.0    -0.0
"Line.D71BBCFE-E662-4056-9991-E39B4EA0F57C"         1       74.9        2.9       -0.0        0.0    -0.0    -0.0        0.0        0.0        0.0        0.0
"Line.D71BBCFE-E662-4056-9991-E39B4EA0F57C"         2      -74.9       -2.9       -0.0       -0.0     0.0     0.0
"Line.EDC4E8D5-E661-4D05-8F35-B2A75B9C377A"         1      164.9       -6.7        0.0       -0.0    -0.0     0.0        0.0        0.0        0.0        0.0
"Line.EDC4E8D5-E661-4D05-8F35-B2A75B9C377A"         2     -164.9        6.7       -0.0        0.0     0.0    -0.0
"Line.4D9547EA-A18C-433C-8497-A7C6AE24D23F"         1      164.9       -8.6        0.0       -0.0    -0.0     0.0        0.0        0.0        0.0        0.0
"Line.4D9547EA-A18C-433C-8497-A7C6AE24D23F"         2     -164.9        6.7       -0.0        0.0     0.0    -0.0
"Line.7F40FEDB-C96A-490E-9065-C45F594CDE1D"         1      284.3       -3.6        0.0       -0.0     0.0     0.0        0.0        0.0        0.0        0.0
"Line.7F40FEDB-C96A-490E-9065-C45F594CDE1D"         2     -284.3        3.6       -0.0        0.0    -0.0    -0.0
"Line.5BF5FAF5-24DE-4138-A22D-BA16E754E3CC"         1       19.8        0.2        0.0        0.0     0.0    -0.0        0.0        0.0        0.0        0.0
"Line.5BF5FAF5-24DE-4138-A22D-BA16E754E3CC"         2      -19.8       -0.2       -0.0       -0.0    -0.0    -0.0
"Load.LOAD_29160497-D557-46EF-953B-030985E86C82"    1        0.0       -0.0       14.6        0.0     0.0     0.0
"Load.LOAD_21A5C737-9853-4B91-9264-5BBA7071C44A"    1        0.0        0.0        4.6        0.0     0.0     0.0
"Load.LOAD_E5130A20-EE25-47F4-B59A-5F8AE412150F"    1        0.0       -0.0       19.6        0.0     0.0    -0.0
"Load.LOAD_9037AFBD-26B1-473F-BA3F-1EB50330816E"    1        0.0        0.0        3.5        0.0     0.0     0.0
"Load.LOAD_328D9CBA-E71E-4B41-8D16-17C65132A7BE"    1        0.0        0.0        0.2        0.0     0.0    -0.0
"Load.LOAD_3D6B4F5C-C488-449A-8284-C2D6435DE91A"    1        0.0       -0.0       19.1        0.0     0.0    -0.0
"Load.LOAD_8FAE7822-2811-4DC2-9D00-91A9D534C978"    1        0.0       -0.0       19.1       -0.0     0.0    -0.0
"Load.LOAD_744CE767-07E3-40B1-BB84-8555722E3128"    1        0.0        0.0       33.8       -0.0     0.0     0.0
"Load.LOAD_BE03EA98-DF62-4721-9C08-8E87B6970974"    1        0.0        0.0       16.4        0.0     0.0    -0.0
"Load.LOAD_F65EBC47-745C-47EA-88A7-ABD23FB2FDFC"    1        0.0        0.0       19.5       -0.0     0.0     0.0
"Load.LOAD_733B5182-AE82-43E4-8E87-502CF52AFF85"    1        0.0        0.0        3.0        0.0     0.0    -0.0
"Load.LOAD_CE68466A-3C9D-4B70-984D-39C2D4C83DFC"    1        0.0        0.0       33.9       -0.0     0.0     0.0
"Load.LOAD_62926CBF-A806-462A-874D-2491AE8F4891"    1        0.0        0.0        3.7        0.0     0.0    -0.0
"Load.LOAD_6D91FA46-2DEF-41AC-A44E-0EC1ED25E35A"    1        0.0        0.0       24.0        0.0     0.0    -0.0
"Load.LOAD_38DDCCA1-5A42-4440-B875-C6AAB7F58750"    1        0.0       -0.0       16.0        0.0     0.0    -0.0
"Load.LOAD_D941DF2E-20F2-4710-BA05-61EE4D06CAA4"    1        0.0        0.0       16.4        0.0     0.0     0.0
"Load.LOAD_68B90FA4-32A9-48F6-822A-5C14E0262D7A"    1        0.0        0.0        2.9        0.0     0.0    -0.0
"Load.LOAD_1E683AE3-A73E-4457-A587-085DBB419FA5"    1        0.0        0.0        3.3       -0.0     0.0    -0.0
"Load.LOAD_C9B6AB2C-36B4-4EE9-BC4E-1A63CB1590B7"    1        0.0       -0.0        7.1        0.0     0.0    -0.0
"Load.LOAD_BD90AC5E-9F30-4582-9F5C-54ECA933FCDC"    1        0.0        0.0       19.4       -0.0     0.0     0.0
"Load.LOAD_E33A7C36-8F7F-4BC7-B053-54F55C890E5E"    1        0.0        0.0        7.6        0.0     0.0     0.0
"Load.LOAD_9198BD4C-8E28-4EF6-8649-F795662F7E47"    1        0.0       -0.0        1.7        0.0     0.0    -0.0
"Load.LOAD_38360E68-8BFD-42B0-8464-B194C6E1DC1D"    1        0.0       -0.0        4.9       -0.0     0.0    -0.0
"Load.LOAD_CF58F485-69E7-4AA0-8336-7281D0779549"    1        0.0        0.0       12.0       -0.0     0.0    -0.0
"Load.LOAD_A16EA384-8006-4C87-8506-1C3E7FCD55E9"    1        0.0       -0.0       19.4       -0.0     0.0    -0.0
"Load.LOAD_05C6D8B1-EA32-44E1-85C1-3D5DEF65086A"    1        0.0       -0.0        9.5       -0.0     0.0     0.0
"Load.LOAD_7F6C8C4F-610F-48C1-8ED5-0EA509DEFEBB"    1        0.0        0.0       33.9        0.0     0.0     0.0
"Load.LOAD_851C3C74-63D9-4B68-8756-89BD42E7D788"    1        0.0       -0.0       19.2       -0.0     0.0    -0.0
"Load.LOAD_C3F2CF9C-F9A2-4415-8FAC-A6AA9CCDD5BD"    1        0.0       -0.0        7.6        0.0     0.0     0.0
"Load.LOAD_D764F7E6-4C13-40B0-A282-93FC2AC856A3"    1        0.0       -0.0       33.9        0.0     0.0    -0.0
"Load.LOAD_51E400DD-7C7C-4F5A-89DA-C0F4EA619A3A"    1        0.0       -0.0        3.4       -0.0     0.0     0.0
"Load.LOAD_29399485-4F29-4710-AF7F-6791E8FC381B"    1        0.0        0.0        0.9       -0.0     0.0     0.0
"Load.LOAD_900B5ABC-EC7F-4AE4-8FF5-A5ED8B86ECED"    1        0.0        0.0        1.4       -0.0     0.0     0.0
"Load.LOAD_D667039E-CE84-40CC-AB17-3F2AAF2A92E1"    1        0.0        0.0        1.0       -0.0     0.0    -0.0
"Load.LOAD_F7166F81-0227-4186-AAE6-5131A81DF5A3"    1        0.0       -0.0        2.0       -0.0     0.0     0.0
"Load.LOAD_B26A4225-F708-485A-9E6B-7E32E39685B8"    1        0.0        0.0       19.6       -0.0     0.0    -0.0
"Load.LOAD_779D9F78-74A0-4A10-BEA4-0FFCD03EA93D"    1        0.0       -0.0        2.9        0.0     0.0    -0.0
"Load.LOAD_B9D3E2B6-9C11-45AA-AC31-6450E3001EFA"    1        0.0        0.0       34.5        0.0     0.0     0.0
"Load.LOAD_E1FC24B3-1F74-44A3-9F8E-11BCA00319F0"    1        0.0       -0.0       33.9       -0.0     0.0     0.0
"Load.LOAD_6A9640E9-3A56-412D-B2B0-6DCE205C554B"    1        0.0       -0.0       19.1        0.0     0.0    -0.0
"Load.LOAD_0754658C-CEA4-4C89-BFEA-CC44EFDADE3F"    1        0.0       -0.0       19.1        0.0     0.0    -0.0
"Load.LOAD_641FC047-02CC-4BD0-AC73-5D4D6561C687"    1        0.0       -0.0        0.9        0.0     0.0     0.0

Total Circuit Losses =   15.6 +j  -19.1
